-1449.91,6.29956e-05
-1433.67,6.60815e-05
-1417.42,6.92819e-05
-1401.18,7.25987e-05
-1384.94,7.6034e-05
-1368.69,7.95897e-05
-1352.45,8.32674e-05
-1336.21,8.70689e-05
-1319.96,9.09956e-05
-1303.72,9.50491e-05
-1287.47,9.92304e-05
-1271.23,0.000103541
-1254.99,0.000107981
-1238.74,0.000112552
-1222.5,0.000117254
-1206.25,0.000122089
-1190.01,0.000127054
-1173.77,0.000132152
-1157.52,0.000137382
-1141.28,0.000142742
-1125.04,0.000148234
-1108.79,0.000153854
-1092.55,0.000159604
-1076.3,0.00016548
-1060.06,0.000171482
-1043.82,0.000177607
-1027.57,0.000183854
-1011.33,0.000190219
-995.085,0.000196701
-978.841,0.000203295
-962.597,0.00021
-946.354,0.00021681
-930.11,0.000223722
-913.866,0.000230733
-897.622,0.000237837
-881.378,0.00024503
-865.134,0.000252307
-848.891,0.000259662
-832.647,0.00026709
-816.403,0.000274586
-800.159,0.000282141
-783.915,0.000289751
-767.671,0.000297409
-751.428,0.000305108
-735.184,0.00031284
-718.94,0.000320598
-702.696,0.000328374
-686.452,0.000336161
-670.208,0.00034395
-653.965,0.000351734
-637.721,0.000359503
-621.477,0.00036725
-605.233,0.000374965
-588.989,0.000382639
-572.746,0.000390263
-556.502,0.000397829
-540.258,0.000405327
-524.014,0.000412748
-507.77,0.000420083
-491.526,0.000427321
-475.283,0.000434455
-459.039,0.000441474
-442.795,0.000448369
-426.551,0.000455131
-410.307,0.000461751
-394.063,0.00046822
-377.82,0.000474528
-361.576,0.000480667
-345.332,0.000486629
-329.088,0.000492404
-312.844,0.000497985
-296.601,0.000503363
-280.357,0.00050853
-264.113,0.00051348
-247.869,0.000518204
-231.625,0.000522695
-215.381,0.000526948
-199.138,0.000530954
-182.894,0.000534709
-166.65,0.000538207
-150.406,0.000541442
-134.162,0.00054441
-117.918,0.000547105
-101.675,0.000549524
-85.4308,0.000551664
-69.187,0.00055352
-52.9432,0.00055509
-36.6994,0.000556372
-20.4555,0.000557363
-4.21171,0.000558062
12.0321,0.000558469
28.2759,0.000558582
44.5198,0.000558402
60.7636,0.000557929
77.0074,0.000557164
93.2512,0.000556107
109.495,0.000554762
125.739,0.00055313
141.983,0.000551213
158.227,0.000549015
174.47,0.00054654
190.714,0.000543791
206.958,0.000540773
223.202,0.000537491
239.446,0.000533949
255.689,0.000530153
271.933,0.00052611
288.177,0.000521825
304.421,0.000517305
320.665,0.000512556
336.909,0.000507587
353.152,0.000502405
369.396,0.000497016
385.64,0.00049143
401.884,0.000485655
418.128,0.000479698
434.372,0.000473568
450.615,0.000467274
466.859,0.000460826
483.103,0.000454231
499.347,0.000447499
515.591,0.000440639
531.834,0.000433661
548.078,0.000426573
564.322,0.000419385
580.566,0.000412106
596.81,0.000404746
613.054,0.000397313
629.297,0.000389816
645.541,0.000382266
661.785,0.00037467
678.029,0.000367037
694.273,0.000359377
710.517,0.000351698
726.76,0.000344008
743.004,0.000336315
759.248,0.000328629
775.492,0.000320955
791.736,0.000313303
807.979,0.000305679
824.223,0.000298091
840.467,0.000290546
856.711,0.00028305
872.955,0.00027561
889.199,0.000268231
905.442,0.000260921
921.686,0.000253685
937.93,0.000246527
954.174,0.000239454
970.418,0.00023247
986.662,0.000225579
1002.91,0.000218785
1019.15,0.000212093
1035.39,0.000205507
1051.64,0.000199029
1067.88,0.000192663
1084.12,0.000186412
1100.37,0.000180278
1116.61,0.000174263
1132.86,0.00016837
1149.1,0.0001626
1165.34,0.000156955
1181.59,0.000151435
1197.83,0.000146043
1214.08,0.000140779
1230.32,0.000135643
1246.56,0.000130635
1262.81,0.000125757
1279.05,0.000121007
1295.29,0.000116385
1311.54,0.000111892
1327.78,0.000107525
1344.03,0.000103286
1360.27,9.91714e-05
1376.51,9.51815e-05
1392.76,9.13146e-05
1409,8.75695e-05
1425.24,8.39444e-05
1441.49,8.04378e-05
1457.73,7.7048e-05
1473.98,7.37729e-05
1490.22,7.06108e-05
1506.46,6.75594e-05
1522.71,6.46168e-05
1538.95,6.17808e-05
1555.2,5.9049e-05
1571.44,5.64193e-05
1587.68,5.38892e-05
1603.93,5.14563e-05
1620.17,4.91184e-05
1636.41,4.68729e-05
1652.66,4.47174e-05
1668.9,4.26495e-05
1685.15,4.06665e-05
1701.39,3.87662e-05
1717.63,3.6946e-05
1733.88,3.52035e-05
1750.12,3.35362e-05
1766.37,3.19417e-05
1782.61,3.04176e-05
1798.85,2.89615e-05
1815.1,2.7571e-05
1831.34,2.62439e-05
1847.58,2.49779e-05
1863.83,2.37706e-05
1880.07,2.262e-05
1896.32,2.15239e-05
1912.56,2.04801e-05
1928.8,1.94865e-05
1945.05,1.85412e-05
1961.29,1.76421e-05
1977.53,1.67874e-05
1993.78,1.59751e-05
2010.02,1.52035e-05
2026.27,1.44707e-05
2042.51,1.37751e-05
2058.75,1.3115e-05
2075,1.24888e-05
2091.24,1.18948e-05
2107.49,1.13317e-05
2123.73,1.07979e-05
2139.97,1.02921e-05
2156.22,9.81283e-06
2172.46,9.35887e-06
2188.7,8.92894e-06
2204.95,8.52185e-06
2221.19,8.13642e-06
2237.44,7.77157e-06
2253.68,7.42621e-06
2269.92,7.09934e-06
2286.17,6.78998e-06
2302.41,6.49719e-06
2318.66,6.2201e-06
2334.9,5.95785e-06
2351.14,5.70963e-06
2367.39,5.47467e-06
2383.63,5.25223e-06
2399.87,5.04162e-06
2416.12,4.84218e-06
2432.36,4.65327e-06
2448.61,4.47429e-06
2464.85,4.30468e-06
2481.09,4.14389e-06
2497.34,3.99142e-06
2513.58,3.84678e-06
2529.82,3.70953e-06
2546.07,3.57922e-06
2562.31,3.45544e-06
2578.56,3.33783e-06
2594.8,3.226e-06
2611.04,3.11962e-06
2627.29,3.01838e-06
2643.53,2.92195e-06
2659.78,2.83007e-06
2676.02,2.74245e-06
2692.26,2.65886e-06
2708.51,2.57905e-06
2724.75,2.50279e-06
2740.99,2.42989e-06
2757.24,2.36015e-06
2773.48,2.29337e-06
2789.73,2.2294e-06
2805.97,2.16807e-06
2822.21,2.10923e-06
2838.46,2.05273e-06
2854.7,1.99846e-06
2870.95,1.94627e-06
2887.19,1.89607e-06
2903.43,1.84773e-06
2919.68,1.80117e-06
2935.92,1.75628e-06
2952.16,1.71298e-06
2968.41,1.67119e-06
2984.65,1.63083e-06
3000.9,1.59182e-06
3017.14,1.55411e-06
3033.38,1.51763e-06
3049.63,1.48231e-06
3065.87,1.44812e-06
3082.11,1.41498e-06
3098.36,1.38287e-06
3114.6,1.35172e-06
3130.85,1.32151e-06
3147.09,1.29219e-06
3163.33,1.26372e-06
3179.58,1.23607e-06
3195.82,1.20921e-06
3212.07,1.1831e-06
3228.31,1.15773e-06
3244.55,1.13305e-06
3260.8,1.10905e-06
3277.04,1.08569e-06
3293.28,1.06297e-06
3309.53,1.04085e-06
3325.77,1.01932e-06
3342.02,9.98354e-07
3358.26,9.77934e-07
3374.5,9.58044e-07
3390.75,9.38667e-07
3406.99,9.19786e-07
3423.24,9.01386e-07
3439.48,8.83451e-07
3455.72,8.65969e-07
3471.97,8.48925e-07
3488.21,8.32306e-07
3504.45,8.16099e-07
3520.7,8.00293e-07
3536.94,7.84874e-07
3553.19,7.69833e-07
3569.43,7.55158e-07
3585.67,7.40837e-07
3601.92,7.26862e-07
3618.16,7.13222e-07
3634.4,6.99906e-07
3650.65,6.86906e-07
3666.89,6.74213e-07
3683.14,6.61817e-07
3699.38,6.4971e-07
3715.62,6.37883e-07
3731.87,6.26329e-07
3748.11,6.15038e-07
3764.36,6.04004e-07
3780.6,5.93219e-07
3796.84,5.82676e-07
3813.09,5.72366e-07
3829.33,5.62284e-07
3845.57,5.52423e-07
3861.82,5.42775e-07
3878.06,5.33335e-07
3894.31,5.24096e-07
3910.55,5.15052e-07
3926.79,5.06198e-07
3943.04,4.97528e-07
3959.28,4.89035e-07
3975.53,4.80715e-07
3991.77,4.72563e-07
4008.01,4.64573e-07
4024.26,4.56741e-07
4040.5,4.49062e-07
4056.74,4.41531e-07
4072.99,4.34144e-07
4089.23,4.26896e-07
4105.48,4.19784e-07
4121.72,4.12803e-07
4137.96,4.0595e-07
4154.21,3.99221e-07
4170.45,3.92612e-07
4186.69,3.8612e-07
4202.94,3.79741e-07
4219.18,3.73473e-07
4235.43,3.67313e-07
4251.67,3.61257e-07
4267.91,3.55302e-07
4284.16,3.49447e-07
4300.4,3.43688e-07
4316.65,3.38022e-07
4332.89,3.32449e-07
4349.13,3.26965e-07
4365.38,3.21568e-07
4381.62,3.16256e-07
4397.86,3.11028e-07
4414.11,3.05881e-07
4430.35,3.00813e-07
4446.6,2.95824e-07
4462.84,2.9091e-07
4479.08,2.86072e-07
4495.33,2.81307e-07
4511.57,2.76614e-07
4527.82,2.71992e-07
4544.06,2.6744e-07
4560.3,2.62955e-07
4576.55,2.58539e-07
4592.79,2.54188e-07
4609.03,2.49903e-07
4625.28,2.45682e-07
4641.52,2.41525e-07
4657.77,2.3743e-07
4674.01,2.33397e-07
4690.25,2.29425e-07
4706.5,2.25514e-07
4722.74,2.21663e-07
4738.98,2.17871e-07
4755.23,2.14137e-07
4771.47,2.10462e-07
4787.72,2.06844e-07
4803.96,2.03283e-07
4820.2,1.99778e-07
4836.45,1.96329e-07
4852.69,1.92937e-07
4868.94,1.89599e-07
4885.18,1.86316e-07
4901.42,1.83087e-07
4917.67,1.79913e-07
4933.91,1.76791e-07
4950.15,1.73724e-07
4966.4,1.70709e-07
4982.64,1.67746e-07
4998.89,1.64836e-07
5015.13,1.61978e-07
5031.37,1.59171e-07
5047.62,1.56415e-07
5063.86,1.5371e-07
5080.11,1.51055e-07
5096.35,1.48451e-07
5112.59,1.45896e-07
5128.84,1.43391e-07
5145.08,1.40935e-07
5161.32,1.38527e-07
5177.57,1.36168e-07
5193.81,1.33856e-07
5210.06,1.31592e-07
5226.3,1.29375e-07
5242.54,1.27205e-07
5258.79,1.25081e-07
5275.03,1.23003e-07
5291.27,1.20971e-07
5307.52,1.18983e-07
5323.76,1.1704e-07
5340.01,1.15141e-07
5356.25,1.13285e-07
5372.49,1.11472e-07
5388.74,1.09702e-07
5404.98,1.07974e-07
5421.23,1.06288e-07
5437.47,1.04642e-07
5453.71,1.03037e-07
5469.96,1.01471e-07
5486.2,9.99447e-08
5502.44,9.84569e-08
5518.69,9.70071e-08
5534.93,9.55946e-08
5551.18,9.42189e-08
5567.42,9.28792e-08
5583.66,9.15749e-08
5599.91,9.03053e-08
5616.15,8.90698e-08
5632.4,8.78676e-08
5648.64,8.66981e-08
5664.88,8.55605e-08
5681.13,8.44541e-08
5697.37,8.33781e-08
5713.61,8.23319e-08
5729.86,8.13146e-08
5746.1,8.03256e-08
5762.35,7.9364e-08
5778.59,7.8429e-08
5794.83,7.75199e-08
5811.08,7.6636e-08
5827.32,7.57763e-08
5843.56,7.49401e-08
5859.81,7.41266e-08
5876.05,7.3335e-08
5892.3,7.25645e-08
5908.54,7.18143e-08
5924.78,7.10835e-08
5941.03,7.03714e-08
5957.27,6.96772e-08
5973.52,6.9e-08
5989.76,6.8339e-08
6006,6.76935e-08
6022.25,6.70627e-08
6038.49,6.64457e-08
6054.73,6.58418e-08
6070.98,6.52502e-08
6087.22,6.46701e-08
6103.47,6.41008e-08
6119.71,6.35415e-08
6135.95,6.29915e-08
6152.2,6.24501e-08
6168.44,6.19165e-08
6184.69,6.139e-08
6200.93,6.087e-08
6217.17,6.03557e-08
6233.42,5.98466e-08
6249.66,5.93419e-08
6265.9,5.88411e-08
6282.15,5.83436e-08
6298.39,5.78487e-08
6314.64,5.73559e-08
6330.88,5.68646e-08
6347.12,5.63744e-08
6363.37,5.58848e-08
6379.61,5.53951e-08
6395.85,5.49051e-08
6412.1,5.44142e-08
6428.34,5.39221e-08
6444.59,5.34283e-08
6460.83,5.29325e-08
6477.07,5.24344e-08
6493.32,5.19336e-08
6509.56,5.14298e-08
6525.81,5.09229e-08
6542.05,5.04125e-08
6558.29,4.98984e-08
6574.54,4.93805e-08
6590.78,4.88586e-08
6607.02,4.83326e-08
6623.27,4.78023e-08
6639.51,4.72677e-08
6655.76,4.67286e-08
6672,4.61851e-08
6688.24,4.56372e-08
6704.49,4.50848e-08
6720.73,4.4528e-08
6736.98,4.39668e-08
6753.22,4.34014e-08
6769.46,4.28318e-08
6785.71,4.2258e-08
6801.95,4.16804e-08
6818.19,4.10989e-08
6834.44,4.05139e-08
6850.68,3.99254e-08
6866.93,3.93337e-08
6883.17,3.87391e-08
6899.41,3.81416e-08
6915.66,3.75417e-08
6931.9,3.69395e-08
6948.15,3.63354e-08
6964.39,3.57296e-08
6980.63,3.51224e-08
6996.88,3.45141e-08
7013.12,3.39051e-08
7029.36,3.32956e-08
7045.61,3.2686e-08
7061.85,3.20766e-08
7078.1,3.14677e-08
7094.34,3.08597e-08
7110.58,3.0253e-08
7126.83,2.96478e-08
7143.07,2.90445e-08
7159.31,2.84435e-08
7175.56,2.7845e-08
7191.8,2.72495e-08
7208.05,2.66572e-08
7224.29,2.60685e-08
7240.53,2.54837e-08
7256.78,2.49031e-08
7273.02,2.4327e-08
7289.27,2.37558e-08
7305.51,2.31897e-08
7321.75,2.2629e-08
7338,2.2074e-08
7354.24,2.1525e-08
7370.48,2.09822e-08
7386.73,2.04459e-08
7402.97,1.99163e-08
7419.22,1.93936e-08
7435.46,1.88781e-08
7451.7,1.837e-08
7467.95,1.78694e-08
7484.19,1.73765e-08
7500.44,1.68915e-08
7516.68,1.64146e-08
7532.92,1.59459e-08
7549.17,1.54855e-08
7565.41,1.50335e-08
7581.65,1.45901e-08
7597.9,1.41553e-08
7614.14,1.37293e-08
7630.39,1.3312e-08
7646.63,1.29036e-08
7662.87,1.2504e-08
7679.12,1.21133e-08
7695.36,1.17316e-08
7711.6,1.13588e-08
7727.85,1.0995e-08
7744.09,1.064e-08
7760.34,1.02939e-08
7776.58,9.95673e-09
7792.82,9.62834e-09
7809.07,9.30869e-09
7825.31,8.99774e-09
7841.56,8.6954e-09
7857.8,8.4016e-09
7874.04,8.11624e-09
7890.29,7.83923e-09
7906.53,7.57048e-09
7922.77,7.30986e-09
7939.02,7.05725e-09
7955.26,6.81255e-09
7971.51,6.57562e-09
7987.75,6.34632e-09
8003.99,6.12453e-09
8020.24,5.91009e-09
8036.48,5.70287e-09
8052.73,5.50272e-09
8068.97,5.30947e-09
8085.21,5.12299e-09
8101.46,4.94311e-09
8117.7,4.76968e-09
8133.94,4.60254e-09
8150.19,4.44152e-09
8166.43,4.28646e-09
8182.68,4.1372e-09
8198.92,3.99359e-09
8215.16,3.85545e-09
8231.41,3.72263e-09
8247.65,3.59497e-09
8263.89,3.4723e-09
8280.14,3.35446e-09
8296.38,3.24131e-09
8312.63,3.13268e-09
8328.87,3.02841e-09
8345.11,2.92837e-09
8361.36,2.83239e-09
8377.6,2.74033e-09
8393.85,2.65204e-09
8410.09,2.56739e-09
8426.33,2.48622e-09
8442.58,2.40841e-09
8458.82,2.33383e-09
8475.06,2.26233e-09
8491.31,2.1938e-09
8507.55,2.1281e-09
8523.8,2.06512e-09
8540.04,2.00473e-09
8556.28,1.94683e-09
8572.53,1.8913e-09
8588.77,1.83804e-09
8605.02,1.78693e-09
8621.26,1.73788e-09
8637.5,1.6908e-09
8653.75,1.64557e-09
8669.99,1.60212e-09
8686.23,1.56036e-09
8702.48,1.5202e-09
8718.72,1.48155e-09
8734.97,1.44435e-09
8751.21,1.40852e-09
8767.45,1.37398e-09
8783.7,1.34066e-09
8799.94,1.30851e-09
8816.18,1.27746e-09
8832.43,1.24744e-09
8848.67,1.2184e-09
8864.92,1.19029e-09
8881.16,1.16305e-09
8897.4,1.13664e-09
8913.65,1.11101e-09
8929.89,1.08611e-09
8946.14,1.0619e-09
8962.38,1.03835e-09
8978.62,1.01541e-09
8994.87,9.93061e-10
9011.11,9.71257e-10
9027.35,9.49972e-10
9043.6,9.29176e-10
9059.84,9.08843e-10
9076.09,8.88947e-10
9092.33,8.69465e-10
9108.57,8.50376e-10
9124.82,8.31659e-10
9141.06,8.13295e-10
9157.31,7.95268e-10
9173.55,7.77562e-10
9189.79,7.60161e-10
9206.04,7.43053e-10
9222.28,7.26225e-10
9238.52,7.09667e-10
9254.77,6.93368e-10
9271.01,6.7732e-10
9287.26,6.61514e-10
9303.5,6.45944e-10
9319.74,6.30602e-10
9335.99,6.15483e-10
9352.23,6.00582e-10
9368.47,5.85895e-10
9384.72,5.71418e-10
9400.96,5.57149e-10
9417.21,5.43083e-10
9433.45,5.2922e-10
9449.69,5.15557e-10
9465.94,5.02093e-10
9482.18,4.88828e-10
9498.43,4.75759e-10
9514.67,4.62888e-10
9530.91,4.50213e-10
9547.16,4.37734e-10
9563.4,4.25452e-10
9579.64,4.13368e-10
9595.89,4.01481e-10
9612.13,3.89791e-10
9628.38,3.783e-10
9644.62,3.67009e-10
9660.86,3.55917e-10
9677.11,3.45025e-10
9693.35,3.34334e-10
9709.6,3.23844e-10
9725.84,3.13557e-10
9742.08,3.03472e-10
9758.33,2.9359e-10
9774.57,2.83911e-10
9790.81,2.74435e-10
9807.06,2.65163e-10
9823.3,2.56094e-10
9839.55,2.47228e-10
9855.79,2.38565e-10
9872.03,2.30104e-10
9888.28,2.21846e-10
9904.52,2.13788e-10
9920.76,2.05931e-10
9937.01,1.98274e-10
9953.25,1.90815e-10
9969.5,1.83552e-10
9985.74,1.76486e-10
10002,1.69613e-10
10018.2,1.62933e-10
10034.5,1.56444e-10
10050.7,1.50143e-10
10067,1.44028e-10
10083.2,1.38099e-10
10099.4,1.32351e-10
10115.7,1.26783e-10
10131.9,1.21392e-10
10148.2,1.16176e-10
10164.4,1.11132e-10
10180.7,1.06257e-10
10196.9,1.01548e-10
10213.2,9.7002e-11
10229.4,9.26167e-11
10245.6,8.83885e-11
10261.9,8.43145e-11
10278.1,8.03914e-11
10294.4,7.6616e-11
10310.6,7.29852e-11
10326.9,6.94957e-11
10343.1,6.61441e-11
10359.3,6.29273e-11
10375.6,5.9842e-11
10391.8,5.68848e-11
10408.1,5.40526e-11
10424.3,5.1342e-11
10440.6,4.87498e-11
10456.8,4.6273e-11
10473.1,4.39082e-11
10489.3,4.16524e-11
10505.5,3.95025e-11
10521.8,3.74554e-11
10538,3.55083e-11
10554.3,3.36581e-11
10570.5,3.19021e-11
10586.8,3.02376e-11
10603,2.86616e-11
10619.2,2.71718e-11
10635.5,2.57655e-11
10651.7,2.44402e-11
10668,2.31937e-11
10684.2,2.20236e-11
10700.5,2.09278e-11
10716.7,1.99041e-11
10733,1.89506e-11
10749.2,1.80654e-11
10765.4,1.72468e-11
10781.7,1.6493e-11
10797.9,1.58025e-11
10814.2,1.51738e-11
10830.4,1.46056e-11
10846.7,1.40967e-11
10862.9,1.36459e-11
10879.2,1.32523e-11
10895.4,1.29149e-11
10911.6,1.2633e-11
10927.9,1.24059e-11
10944.1,1.22331e-11
10960.4,1.21141e-11
10976.6,1.20487e-11
10992.9,1.20366e-11
11009.1,1.20778e-11
11025.3,1.21723e-11
11041.6,1.23203e-11
11057.8,1.25221e-11
11074.1,1.27779e-11
11090.3,1.30884e-11
11106.6,1.34542e-11
11122.8,1.38759e-11
11139.1,1.43544e-11
11155.3,1.48906e-11
11171.5,1.54856e-11
11187.8,1.61406e-11
11204,1.68568e-11
11220.3,1.76355e-11
11236.5,1.84782e-11
11252.8,1.93865e-11
11269,2.0362e-11
11285.2,2.14065e-11
11301.5,2.25216e-11
11317.7,2.37095e-11
11334,2.4972e-11
11350.2,2.63111e-11
11366.5,2.77291e-11
11382.7,2.92282e-11
11399,3.08105e-11
11415.2,3.24785e-11
11431.4,3.42344e-11
11447.7,3.60807e-11
11463.9,3.80199e-11
11480.2,4.00545e-11
11496.4,4.21871e-11
11512.7,4.442e-11
11528.9,4.67561e-11
11545.1,4.91978e-11
11561.4,5.17477e-11
11577.6,5.44085e-11
11593.9,5.71827e-11
11610.1,6.00729e-11
11626.4,6.30817e-11
11642.6,6.62116e-11
11658.9,6.9465e-11
11675.1,7.28443e-11
11691.3,7.6352e-11
11707.6,7.99904e-11
11723.8,8.37617e-11
11740.1,8.76681e-11
11756.3,9.17116e-11
11772.6,9.58942e-11
11788.8,1.00218e-10
11805,1.04684e-10
11821.3,1.09295e-10
11837.5,1.14051e-10
11853.8,1.18955e-10
11870,1.24007e-10
11886.3,1.29209e-10
11902.5,1.3456e-10
11918.8,1.40063e-10
11935,1.45718e-10
11951.2,1.51524e-10
11967.5,1.57483e-10
11983.7,1.63593e-10
12000,1.69856e-10
12016.2,1.76269e-10
12032.5,1.82834e-10
12048.7,1.89547e-10
12064.9,1.9641e-10
12081.2,2.0342e-10
12097.4,2.10575e-10
12113.7,2.17874e-10
12129.9,2.25315e-10
12146.2,2.32895e-10
12162.4,2.40612e-10
12178.7,2.48463e-10
12194.9,2.56445e-10
12211.1,2.64555e-10
12227.4,2.72789e-10
12243.6,2.81143e-10
12259.9,2.89614e-10
12276.1,2.98197e-10
12292.4,3.06887e-10
12308.6,3.15681e-10
12324.9,3.24573e-10
12341.1,3.33558e-10
12357.3,3.42631e-10
12373.6,3.51787e-10
12389.8,3.61019e-10
12406.1,3.70322e-10
12422.3,3.79689e-10
12438.6,3.89116e-10
12454.8,3.98594e-10
12471,4.08119e-10
12487.3,4.17683e-10
12503.5,4.2728e-10
12519.8,4.36903e-10
12536,4.46544e-10
12552.3,4.56198e-10
12568.5,4.65857e-10
12584.8,4.75514e-10
12601,4.85162e-10
12617.2,4.94794e-10
12633.5,5.04403e-10
12649.7,5.13981e-10
12666,5.23522e-10
12682.2,5.33018e-10
12698.5,5.42463e-10
12714.7,5.5185e-10
12730.9,5.61172e-10
12747.2,5.70421e-10
12763.4,5.79592e-10
12779.7,5.88677e-10
12795.9,5.97671e-10
12812.2,6.06567e-10
12828.4,6.15358e-10
12844.7,6.24039e-10
12860.9,6.32604e-10
12877.1,6.41047e-10
12893.4,6.49362e-10
12909.6,6.57544e-10
12925.9,6.65588e-10
12942.1,6.73489e-10
12958.4,6.81242e-10
12974.6,6.88842e-10
12990.8,6.96286e-10
13007.1,7.03568e-10
13023.3,7.10684e-10
13039.6,7.17632e-10
13055.8,7.24406e-10
13072.1,7.31004e-10
13088.3,7.37423e-10
13104.6,7.43659e-10
13120.8,7.4971e-10
13137,7.55572e-10
13153.3,7.61244e-10
13169.5,7.66723e-10
13185.8,7.72007e-10
13202,7.77094e-10
13218.3,7.81981e-10
13234.5,7.86669e-10
13250.7,7.91154e-10
13267,7.95435e-10
13283.2,7.99512e-10
13299.5,8.03383e-10
13315.7,8.07047e-10
13332,8.10503e-10
13348.2,8.13751e-10
13364.5,8.16789e-10
13380.7,8.19618e-10
13396.9,8.22236e-10
13413.2,8.24642e-10
13429.4,8.26838e-10
13445.7,8.28821e-10
13461.9,8.30593e-10
13478.2,8.32152e-10
13494.4,8.33499e-10
13510.6,8.34633e-10
13526.9,8.35554e-10
13543.1,8.36262e-10
13559.4,8.36757e-10
13575.6,8.37039e-10
13591.9,8.37108e-10
13608.1,8.36964e-10
13624.4,8.36607e-10
13640.6,8.36036e-10
13656.8,8.35253e-10
13673.1,8.34257e-10
13689.3,8.33048e-10
13705.6,8.31626e-10
13721.8,8.29991e-10
13738.1,8.28145e-10
13754.3,8.26086e-10
13770.6,8.23816e-10
13786.8,8.21335e-10
13803,8.18643e-10
13819.3,8.1574e-10
13835.5,8.12628e-10
13851.8,8.09306e-10
13868,8.05777e-10
13884.3,8.02039e-10
13900.5,7.98096e-10
13916.7,7.93946e-10
13933,7.89593e-10
13949.2,7.85036e-10
13965.5,7.80278e-10
13981.7,7.75319e-10
13998,7.70163e-10
14014.2,7.6481e-10
14030.5,7.59263e-10
14046.7,7.53523e-10
14062.9,7.47594e-10
14079.2,7.41477e-10
14095.4,7.35176e-10
14111.7,7.28694e-10
14127.9,7.22033e-10
14144.2,7.15197e-10
14160.4,7.08189e-10
14176.6,7.01014e-10
14192.9,6.93675e-10
14209.1,6.86175e-10
14225.4,6.78521e-10
14241.6,6.70715e-10
14257.9,6.62763e-10
14274.1,6.54669e-10
14290.4,6.46439e-10
14306.6,6.38078e-10
14322.8,6.29592e-10
14339.1,6.20985e-10
14355.3,6.12265e-10
14371.6,6.03436e-10
14387.8,5.94505e-10
14404.1,5.85478e-10
14420.3,5.76362e-10
14436.5,5.67162e-10
14452.8,5.57887e-10
14469,5.48541e-10
14485.3,5.39133e-10
14501.5,5.29669e-10
14517.8,5.20156e-10
14534,5.10601e-10
14550.3,5.01011e-10
14566.5,4.91393e-10
14582.7,4.81755e-10
14599,4.72103e-10
14615.2,4.62444e-10
14631.5,4.52786e-10
14647.7,4.43136e-10
14664,4.335e-10
14680.2,4.23886e-10
14696.4,4.143e-10
14712.7,4.04749e-10
14728.9,3.95239e-10
14745.2,3.85778e-10
14761.4,3.76372e-10
14777.7,3.67026e-10
14793.9,3.57747e-10
